1	415.7935164517386	442.09796915285546
2	547.9221930795882	307.3283055328641
3	299.4274688297137	155.55413933878003
4	637.8326795707113	328.4456078265408
5	402.1690732513248	94.33971284491447
6	294.56229077543026	456.20678581923846
7	439.05103987112284	352.7034546318351
8	384.96341912453977	261.2471654473224
9	447.8433495080064	222.84725810142731
10	537.3265080469799	97.36241104095912
11	522.362631903038	356.8756270666289
12	492.4843441115089	382.53956096636733
13	396.3015271714681	213.00614481745356
14	579.6267759162206	300.9328698839883
15	517.9591484609791	295.6314405366348
16	469.5129971100893	357.6542407558327
17	500.97758252514654	335.7081564418014
18	539.1554924424094	390.5918033852545
19	461.65686518183225	409.5249993310332
20	532.0372159975008	427.4920218631707
21	503.3462886765234	433.9181437367597
22	551.5757623364661	345.1384014836527
23	488.4327936182201	192.55749703635055
24	603.898310048449	246.03785501183026
25	536.5653254049315	251.81507164988534
26	365.4297189679714	356.6613877235271
27	261.53942609563506	275.1845912842538
28	446.7592779422236	319.5381374738407
29	568.0125947971214	209.36235065578126
30	414.47676972970356	314.5445930023894
31	477.23073308962876	273.83610085006006
32	473.87254486376804	303.5285626752723
33	289.56227079715615	339.52673080978485
34	234.7938129061946	324.8782235913514
35	530.945878425782	427.730327453299
36	561.006279745294	154.630690098368
37	353.688107801192	473.91740888704
38	241.599557032842	295.05033409558
39	615.235904500943	348.376175494651
40	504.9600372316431	49.9910308044206
41	484.882204087387	115.06143935014
42	383.741056340745	198.92394901178
43	551.366849625105	68.4447784470747
44	183.953231167982	266.053520929281
45	408.012412444562	163.302446742497
46	459.268622844755	113.978885468832
47	215.624617747414	334.464650151171
48	644.971349989724	407.817692155183
49	531.17139991384	145.636155056399
50	233.072603283345	228.70321603962
51	257.282492670209	233.514893396545
52	460.715704562911	259.982633797568
53	197.55251251016	315.326423932156
54	198.196144228424	208.973893431913
55	169.257575796833	159.396808753117
56	546.60769187964	279.949922568109
57	580.384003826469	429.440693307761
58	495.814922131986	252.891327244688
59	498.840932316852	297.871457481568
60	309.910333702158	350.720342253904
61	420.624543132946	196.552213305678
62	479.752605714197	245.802392570836
63	468.055785477936	425.42232395784
64	317.310646748224	192.982718386366
65	190.452464243564	187.921805151875
66	271.259730543264	345.930615456006
67	200.875617647177	243.930647601799
68	159.647089840171	190.633536104329
69	568.142318164971	208.033670412279
70	228.680099199	280.067154664673
71	448.91878099299	182.313081898664
72	258.750735337061	316.052363199492
73	246.810012770764	205.598372845465
74	583.639931784098	300.814973428439
75	401.725177817592	117.512768446832
76	604.822312284848	458.650310113284
77	655.543986268899	448.105247239097
78	505.078856996319	418.784618540737
79	461.206400201798	475.991301291001
80	350.825786879629	413.73931089517
81	436.501871863356	219.863150398975
82	488.664485442984	467.838858836995
83	648.064128939852	144.057058082468
84	369.491698145813	330.981384223227
85	495.488237153224	326.487847311073
86	249.61371613318	79.63897714968022
87	323.813233928174	156.443241728003
88	579.814708061481	81.2176643933988
89	435.660386159133	408.682099343994
90	221.093450575525	199.015402596822
91	173.282772052777	213.84002477863
92	414.747442192104	432.616591559281
93	549.306631490807	116.607991630098
94	245.870186996906	250.787554584326
95	261.824258536414	287.687679963993
96	689.31648824737	387.803486302219
97	287.647998526925	260.163238679185
98	194.846631481218	151.696742496217
99	293.478367733022	426.996921455908
100	588.843868351179	372.541780231749
101	505.532268626476	92.5489406671925
102	298.361692534388	113.454254220647
103	371.653040427042	430.262999085861
104	257.313081614924	384.239904199436
105	397.582209123726	301.906749171917
106	294.320538813161	284.772912819397
107	471.881830479681	216.098003836111
108	387.967242998301	144.988062057402
109	155.928335004834	229.858669657125
110	285.855183661688	399.774192088855
111	527.355249823477	468.949380013632
112	443.77919167052	139.760770553648
113	279.678468513897	124.626631878265
114	351.835888049822	136.189332444462
115	446.283896704819	297.89097972988
116	688.581183352996	422.926130452449
117	327.817803311177	352.175727852371
118	483.947120052783	68.8936809258826
119	223.421800084465	306.551027871863
120	293.821014497101	317.850284234126
121	582.191877276031	137.196713807615
122	240.125523914047	186.464591794889
123	425.383048966942	331.989167371974
124	397.352062957433	249.244207959394
125	365.390171801921	391.083768140675
126	177.190775708601	237.39251920574
127	450.965140579584	453.41967994251
128	384.18144514105	93.2400527741018
129	238.79567141362	410.977036823413
130	640.023423258944	369.696237370492
131	343.290042503925	238.270036033456
132	218.117185859221	169.682492747402
133	397.280244127733	470.143001726705
134	542.022056853815	380.010004407463
135	274.529506521782	103.7159673609633
136	248.348889802741	352.841263327116
137	537.548222235163	186.994809299781
138	491.040346655594	171.97380181224
139	525.459121178507	30.060936323306997
140	428.09299506545	254.647303389272
141	598.587822927373	406.766474621246
142	479.136953426865	503.625974935857
143	212.332462026553	363.524140897159
144	323.693833524388	304.184051481744
145	558.768972915183	433.033824370305
146	366.46273750402	172.75074909911
147	505.511526594451	244.492449081664
148	245.900414119538	150.547307069148
149	507.51404260829	475.509471626281
150	312.222384307314	256.806187088973
151	441.124633133271	175.976624174021
152	428.500389886005	20.602164612033
153	341.765361613292	526.152944383531
154	362.589700744618	73.3756331936443
155	534.812064827765	455.321395334896
156	364.496530173527	142.277208433859
157	317.051500630256	17.3705815582308
158	517.642009695576	61.2783708954225
159	353.156165597851	202.742916075799
160	256.98316712664	489.032377990056
161	402.084237164171	403.445494810521
162	410.703114546731	504.761701727571
163	429.256006330223	245.310722928022
164	290.373628497608	283.440343155228
165	548.644589999966	131.666717180628
166	264.017216307197	386.579285501299
167	518.162857327702	433.069197858084
168	592.143347031088	376.979534498957
169	249.807675414113	54.524832305653
170	546.74413248319	407.132134650181
171	388.179347946382	182.310611063901
172	272.818081738352	330.107856771283
173	382.814902820716	395.791798429737
174	425.4525061877821	490.867934412856
175	379.07070764132	9.7412311787995
176	382.559757335307	201.297537422889
177	535.635226211988	87.3120770746255
178	472.637214384878	162.169819523582
179	341.138817741379	139.144536283131
180	223.241919555671	440.42729201858
181	614.164940821186	256.142334099083
182	328.345982802507	398.399996317345
183	586.387659611279	345.383916515765
184	526.236548639151	389.535912334416
185	495.60575483397	23.0298841060643
186	323.91464437368	123.942569469724
187	558.324348963774	344.574434920563
188	486.024585331645	462.929950474419
189	319.353121261871	365.713202621121
190	361.30073125333	366.367066375288
191	465.443994880818	486.390800623278
192	578.508537770078	404.126752126142
193	178.861486806787	362.085965474616
194	268.787181314808	232.503108814242
195	469.971428579202	133.257927089895
196	365.721944688283	237.77010396282
197	560.53086176005	376.159664521227
198	575.482753296331	309.808345626747
199	603.313933994079	313.880820456246
200	248.645109897076	328.071843672723
201	265.927592378365	139.201052453766
202	470.500621741774	278.967068246188
203	421.18099068686	206.127961587274
204	419.018072516841	128.002482799327
205	618.78613350671	289.330483906732
206	625.183845085577	346.226401267103
207	488.12011303497	226.850086565549
208	181.935265748321	69.7276795055161
209	255.682354051157	183.790338770081
210	336.930922326626	222.169746045268
211	404.79514863645113	464.577004364196
212	598.188657784351	230.166169574465
213	301.65234268621	313.460699493011
214	591.898708480338	277.539040086488
215	274.680002821363	157.809870730705
216	361.255063240402	424.324649388384
217	340.094257043556	336.896387148313
218	229.136165244923	246.478773108709
219	323.842036411956	281.632939562408
220	243.131768174982	364.692492271116
221	346.941219419782	303.142373952413
222	400.551417801223	28.8293589733087
223	560.841748131423	281.658903137387
224	119.863416490283	236.361093423374
225	357.314551704568	386.511077637633
226	305.131227104126	343.01754237003
227	312.045917281011	520.973124783148
228	234.770565976303	179.453232077867
229	408.906239054588	423.44362479556
230	503.253975203848	409.320538285785
231	638.603869475776	211.598166900187
232	735.70094408106	377.435984943319
233	350.58631992473	19.8188955871327
234	393.051617214225	116.954754939464
235	574.363657334521	251.098367582994
236	440.369405771827	207.650418695898
237	342.043596716747	93.2323278805692
238	586.449217674146	201.261525847181
239	468.597422445689	57.6175438148065
240	248.845983083431	220.653669906643
241	401.680639967809	364.860924991866
242	531.589566540053	361.688652284316
243	229.83416035448403	471.63532028180896
244	376.711906580924	529.40377188367
245	298.135823675602	490.671259766555
246	331.965354048673	424.368681097582
247	181.845217617917	165.290633085521
248	385.188986090737	461.336804564658
249	387.905131853453	150.747031368194
251	294.120215422626	137.102670891236
252	509.118132258205	177.541241738414
253	393.130948958292	229.550860607805
255	619.314404597087	82.2467655125439
256	321.162852384493	181.14063109974
257	621.475209469202	172.604571380155
258	556.039515891493	195.8800705804
259	561.739386687729	225.212512655784
260	518.286909674269	283.94425120324
261	132.676467726516	366.17578469429
262	461.972020909914	215.505838610116
263	546.82593266237	318.304997223535
264	279.209937152865	409.17729079133
265	299.930061017142	406.660725598473
266	566.72428079016	170.311302521245
267	251.99690990302	305.442891737672
268	225.745878375768	386.417991359901
269	481.785044292008	435.237536645999
270	212.395074679964	264.808315126739
271	453.792569508494	454.023534532562
272	243.897767739327	240.014563227728
273	252.859750056127	268.089042164154
274	215.156845547708	232.058086110214
275	229.24678851004	285.910444984036
276	230.751439631961	210.004074220025
277	263.66190225594596	214.703229583499
278	117.880011505262	169.017990711906
279	278.860916047124	257.449116556464
280	439.742160405474	46.7833489446787
281	433.631798833682	474.056075497249
282	193.016189618286	414.440257530548
283	379.628773244006	277.723120833371
284	365.565241191674	118.465730826399
285	284.285549712259	186.687808306962
286	299.322007459141	222.291151613644
287	410.427320389127	158.086967208171
288	309.498829092259	111.271744183778
289	450.743193313729	396.518128472495
290	279.453252447537	451.111049969395
291	150.601493663181	336.395231512925
292	402.015846902828	336.5792246615
293	522.915318485144	260.35173052523
294	500.31424548939	313.287690347412
295	135.349402963732	301.544241691196
296	431.289909959413	412.124364770866
297	492.698812985183	337.510768911095
